4.376729795325442041e+00 5.044402531507159004e+00 4.517779479371159645e+00 4.230662484735024265e+00 3.566346702135034796e+00 3.431877640120469586e+00 3.939449244137665396e+00 3.707363209519619396e+00 3.912510352845506745e+00 4.777707386313590376e+00
4.109664139927382109e+00 4.446827292624284667e+00 4.533914941323601511e+00 4.561976098747820174e+00 4.881985276365483628e+00 4.897601350426704414e+00 4.598308820036415057e+00 4.535304105986753598e+00 4.449241013436690650e+00 4.077758584883376614e+00
3.828889728118035407e+00 3.398109791522839984e+00 3.896534730118993650e+00 3.904729416075852555e+00 3.866808737919715355e+00 3.889947775271073382e+00 3.701463536477726635e+00 3.742563952547799389e+00 3.991902612078069623e+00 3.742054094288675969e+00
2.043503908883593567e+00 2.710753776567955242e+00 3.064988421068292723e+00 2.827448917453466493e+00 2.548291887174364945e+00 3.005273259720965484e+00 2.982083036018963185e+00 2.700159700351264291e+00 2.761529299931268611e+00 2.504707092923865730e+00
6.594892049095664177e+00 6.373056819337193701e+00 6.879151018927956329e+00 6.832511687503879827e+00 5.789053506878742539e+00 6.359714798858602691e+00 6.598488739242203138e+00 6.693151957153178344e+00 6.512516703899207116e+00 6.640068648857219813e+00
2.971773441565865426e+00 2.932874528931441738e+00 4.011587369423120109e+00 3.504026013536882367e+00 2.921078106193734314e+00 2.695228892307322432e+00 3.875762388435470829e+00 3.197163086519752895e+00 3.290988316954410298e+00 3.863164207353342761e+00
4.543733710664540126e+00 5.361680768157832233e+00 4.399448907801939868e+00 4.766929052304753611e+00 4.530527898013794186e+00 4.379129311063806540e+00 4.890533028488569300e+00 4.760567219450223320e+00 4.816121249345442834e+00 5.105715630048834441e+00
5.685461189936463100e+00 6.236200551299901917e+00 5.503933919290684429e+00 5.385092185721654268e+00 5.259466987223729184e+00 6.004575759081467012e+00 5.681939675051205896e+00 5.636448803805381047e+00 5.546256794775052512e+00 5.433042766720916461e+00
5.731025619905224744e+00 6.292859099759425590e+00 5.777026194226124289e+00 5.220541223829997080e+00 4.669816419032571275e+00 5.986464113621124739e+00 5.563091351987537792e+00 5.514685341824133502e+00 5.649834252938049417e+00 5.967916576935692774e+00
8.180400213589273051e+00 7.715723659615939312e+00 7.925597636101635146e+00 7.400295030626267589e+00 7.182405728152197355e+00 7.652514778770992621e+00 7.691988528893809018e+00 7.704120689318820325e+00 7.101462339783815025e+00 7.879582809516186614e+00
