-5.983879582242279671e-04 -1.523368920063982723e-01
1.620861808459490572e-01 1.616188801125545416e-01
2.315830461748905611e-01 3.536142650706102786e-01
-2.750827957801504908e-02 5.302304102234711713e-02
2.694149266969203538e-01 1.298484293646900989e-01
4.696234173632157782e-04 2.286343091617945578e-01
2.082325697971825207e-01 2.008223585735725569e-01
-1.384311158900403127e-02 2.091906475104793328e-03
1.980093539334948360e-02 -8.234532035531794136e-02
7.338076182504349454e-02 1.412198916449265429e-01
